-15	0
-14.97	1.93242e-96
-14.9399	3.94879e-96
-14.9099	9.65307e-96
-14.8799	2.3555e-95
-14.8498	5.7374e-95
-14.8198	1.39496e-94
-14.7898	3.38553e-94
-14.7598	8.20172e-94
-14.7297	1.98335e-93
-14.6997	4.78749e-93
-14.6697	1.15354e-92
-14.6396	2.77442e-92
-14.6096	6.66081e-92
-14.5796	1.59624e-91
-14.5495	3.81841e-91
-14.5195	9.11766e-91
-14.4895	2.1732e-90
-14.4595	5.17048e-90
-14.4294	1.22794e-89
-14.3994	2.91098e-89
-14.3694	6.88836e-89
-14.3393	1.62708e-88
-14.3093	3.83632e-88
-14.2793	9.02896e-88
-14.2492	2.12117e-87
-14.2192	4.97426e-87
-14.1892	1.16439e-86
-14.1592	2.7207e-86
-14.1291	6.34569e-86
-14.0991	1.47738e-85
-14.0691	3.43337e-85
-14.039	7.96462e-85
-14.009	1.84427e-84
-13.979	4.26283e-84
-13.9489	9.83529e-84
-13.9189	2.26512e-83
-13.8889	5.20728e-83
-13.8589	1.19494e-82
-13.8288	2.73713e-82
-13.7988	6.25835e-82
-13.7688	1.42837e-81
-13.7387	3.25413e-81
-13.7087	7.40022e-81
-13.6787	1.67985e-80
-13.6486	3.80635e-80
-13.6186	8.60923e-80
-13.5886	1.94372e-79
-13.5586	4.38045e-79
-13.5285	9.85414e-79
-13.4985	2.21276e-78
-13.4685	4.95979e-78
-13.4384	1.10971e-77
-13.4084	2.47838e-77
-13.3784	5.52514e-77
-13.3483	1.22951e-76
-13.3183	2.7311e-76
-13.2883	6.05559e-76
-13.2583	1.34027e-75
-13.2282	2.96101e-75
-13.1982	6.52987e-75
-13.1682	1.43742e-74
-13.1381	3.15847e-74
-13.1081	6.92765e-74
-13.0781	1.51674e-73
-13.048	3.31473e-73
-13.018	7.23105e-73
-12.988	1.5746e-72
-12.958	3.42257e-72
-12.9279	7.42591e-72
-12.8979	1.60828e-71
-12.8679	3.47688e-71
-12.8378	7.50294e-71
-12.8078	1.61617e-70
-12.7778	3.47504e-70
-12.7477	7.4584e-70
-12.7177	1.59789e-69
-12.6877	3.41714e-69
-12.6577	7.29445e-69
-12.6276	1.55431e-68
-12.5976	3.30596e-68
-12.5676	7.01894e-68
-12.5375	1.48751e-67
-12.5075	3.14676e-67
-12.4775	6.6448e-67
-12.4474	1.4006e-66
-12.4174	2.94688e-66
-12.3874	6.18905e-66
-12.3574	1.29748e-65
-12.3273	2.71514e-65
-12.2973	5.6715e-65
-12.2673	1.18255e-64
-12.2372	2.46123e-64
-12.2072	5.11331e-64
-12.1772	1.06039e-63
-12.1471	2.19505e-63
-12.1171	4.53562e-63
-12.0871	9.355e-63
-12.0571	1.92604e-62
-12.027	3.95823e-62
-11.997	8.11992e-62
-11.967	1.66271e-61
-11.9369	3.39857e-61
-11.9069	6.93409e-61
-11.8769	1.4122e-60
-11.8468	2.87091e-60
-11.8168	5.82582e-60
-11.7868	1.18007e-59
-11.7568	2.38601e-59
-11.7267	4.81563e-59
-11.6967	9.70168e-59
-11.6667	1.95099e-58
-11.6366	3.91631e-58
-11.6066	7.84719e-58
-11.5766	1.56951e-57
-11.5465	3.1335e-57
-11.5165	6.24467e-57
-11.4865	1.24223e-56
-11.4565	2.46667e-56
-11.4264	4.88914e-56
-11.3964	9.67316e-56
-11.3664	1.91037e-55
-11.3363	3.76602e-55
-11.3063	7.41073e-55
-11.2763	1.45564e-54
-11.2462	2.85404e-54
-11.2162	5.58573e-54
-11.1862	1.09123e-53
-11.1562	2.12796e-53
-11.1261	4.14215e-53
-11.0961	8.04826e-53
-11.0661	1.56096e-52
-11.036	3.02202e-52
-11.006	5.84003e-52
-10.976	1.12654e-51
-10.9459	2.16917e-51
-10.9159	4.1692e-51
-10.8859	7.99884e-51
-10.8559	1.53184e-50
-10.8258	2.9283e-50
-10.7958	5.58767e-50
-10.7658	1.06429e-49
-10.7357	2.0235e-49
-10.7057	3.84025e-49
-10.6757	7.27494e-49
-10.6456	1.37567e-48
-10.6156	2.59663e-48
-10.5856	4.8924e-48
-10.5556	9.20125e-48
-10.5255	1.72737e-47
-10.4955	3.23696e-47
-10.4655	6.05485e-47
-10.4354	1.13053e-46
-10.4054	2.10705e-46
-10.3754	3.91996e-46
-10.3453	7.2795e-46
-10.3153	1.34938e-45
-10.2853	2.49679e-45
-10.2553	4.6115e-45
-10.2252	8.50189e-45
-10.1952	1.5646e-44
-10.1652	2.87411e-44
-10.1351	5.27007e-44
-10.1051	9.64592e-44
-10.0751	1.76232e-43
-10.045	3.21394e-43
-10.015	5.85066e-43
-9.98498	1.06313e-42
-9.95495	1.92832e-42
-9.92492	3.49128e-42
-9.89489	6.30964e-42
-9.86486	1.13825e-41
-9.83483	2.04967e-41
-9.8048	3.68419e-41
-9.77477	6.6102e-41
-9.74474	1.18386e-40
-9.71471	2.1164e-40
-9.68468	3.77667e-40
-9.65465	6.72719e-40
-9.62462	1.19611e-39
-9.59459	2.12286e-39
-9.56456	3.76083e-39
-9.53453	6.65058e-39
-9.5045	1.17395e-38
-9.47447	2.06847e-38
-9.44444	3.63801e-38
-9.41441	6.38691e-38
-9.38438	1.11926e-37
-9.35435	1.95787e-37
-9.32432	3.4186e-37
-9.29429	5.95835e-37
-9.26426	1.03661e-36
-9.23423	1.80019e-36
-9.2042	3.12058e-36
-9.17417	5.39961e-36
-9.14414	9.32617e-36
-9.11411	1.60789e-35
-9.08408	2.76708e-35
-9.05405	4.75335e-35
-9.02402	8.1506e-35
-8.99399	1.39506e-34
-8.96396	2.38345e-34
-8.93393	4.06475e-34
-8.9039	6.91948e-34
-8.87387	1.17578e-33
-8.84384	1.99429e-33
-8.81381	3.37648e-33
-8.78378	5.70627e-33
-8.75375	9.62615e-33
-8.72372	1.62093e-32
-8.69369	2.72451e-32
-8.66366	4.57114e-32
-8.63363	7.65549e-32
-8.6036	1.27977e-31
-8.57357	2.13552e-31
-8.54354	3.55703e-31
-8.51351	5.91403e-31
-8.48348	9.815e-31
-8.45345	1.62596e-30
-8.42342	2.68868e-30
-8.39339	4.43794e-30
-8.36336	7.31199e-30
-8.33333	1.20254e-29
-8.3033	1.97414e-29
-8.27327	3.23494e-29
-8.24324	5.29134e-29
-8.21321	8.63926e-29
-8.18318	1.40799e-28
-8.15315	2.29051e-28
-8.12312	3.71944e-28
-8.09309	6.02884e-28
-8.06306	9.75442e-28
-8.03303	1.57536e-27
-8.003	2.53962e-27
-7.97297	4.08668e-27
-7.94294	6.5642e-27
-7.91291	1.05246e-26
-7.88288	1.68437e-26
-7.85285	2.6908e-26
-7.82282	4.29079e-26
-7.79279	6.82972e-26
-7.76276	1.08512e-25
-7.73273	1.72094e-25
-7.7027	2.72436e-25
-7.67267	4.305e-25
-7.64264	6.79035e-25
-7.61261	1.06911e-24
-7.58258	1.6802e-24
-7.55255	2.63579e-24
-7.52252	4.12735e-24
-7.49249	6.45123e-24
-7.46246	1.00652e-23
-7.43243	1.56752e-23
-7.4024	2.43677e-23
-7.37237	3.78117e-23
-7.34234	5.85662e-23
-7.31231	9.05478e-23
-7.28228	1.39739e-22
-7.25225	2.15263e-22
-7.22222	3.31001e-22
-7.19219	5.08041e-22
-7.16216	7.78356e-22
-7.13213	1.19033e-21
-7.1021	1.81705e-21
-7.07207	2.76868e-21
-7.04204	4.21105e-21
-7.01201	6.39318e-21
-6.98198	9.68841e-21
-6.95195	1.46554e-20
-6.92192	2.21284e-20
-6.89189	3.33514e-20
-6.86186	5.01748e-20
-6.83183	7.5347e-20
-6.8018	1.12942e-19
-6.77177	1.68987e-19
-6.74174	2.52383e-19
-6.71171	3.76248e-19
-6.68168	5.59884e-19
-6.65165	8.3163e-19
-6.62162	1.23302e-18
-6.59159	1.82482e-18
-6.56156	2.69572e-18
-6.53153	3.97503e-18
-6.5015	5.85077e-18
-6.47147	8.59594e-18
-6.44144	1.26061e-17
-6.41141	1.84535e-17
-6.38138	2.69638e-17
-6.35135	3.93272e-17
-6.32132	5.72548e-17
-6.29129	8.32028e-17
-6.26126	1.2069e-16
-6.23123	1.74748e-16
-6.2012	2.52557e-16
-6.17117	3.64346e-16
-6.14114	5.24657e-16
-6.11111	7.54126e-16
-6.08108	1.08198e-15
-6.05105	1.54953e-15
-6.02102	2.21507e-15
-5.99099	3.16069e-15
-5.96096	4.50177e-15
-5.93093	6.40014e-15
-5.9009	9.08244e-15
-5.87087	1.28653e-14
-5.84084	1.81905e-14
-5.81081	2.56729e-14
-5.78078	3.61669e-14
-5.75075	5.08572e-14
-5.72072	7.13837e-14
-5.69069	1.00012e-13
-5.66066	1.39864e-13
-5.63063	1.9524e-13
-5.6006	2.72042e-13
-5.57057	3.78361e-13
-5.54054	5.2527e-13
-5.51051	7.27885e-13
-5.48048	1.00681e-12
-5.45045	1.39007e-12
-5.42042	1.9157e-12
-5.39039	2.63527e-12
-5.36036	3.61846e-12
-5.33033	4.95939e-12
-5.3003	6.78477e-12
-5.27027	9.26499e-12
-5.24024	1.26287e-11
-5.21021	1.7182e-11
-5.18018	2.33342e-11
-5.15015	3.16311e-11
-5.12012	4.27995e-11
-5.09009	5.78049e-11
-5.06006	7.79278e-11
-5.03003	1.04863e-10
-5	1.40849e-10
-4.96997	1.88837e-10
-4.93994	2.5271e-10
-4.90991	3.37565e-10
-4.87988	4.50084e-10
-4.84985	5.99006e-10
-4.81982	7.95736e-10
-4.78979	1.05513e-09
-4.75976	1.39651e-09
-4.72973	1.84494e-09
-4.6997	2.43288e-09
-4.66967	3.20227e-09
-4.63964	4.20721e-09
-4.60961	5.51734e-09
-4.57958	7.2221e-09
-4.54955	9.43618e-09
-4.51952	1.23063e-08
-4.48949	1.60198e-08
-4.45946	2.08153e-08
-4.42943	2.69964e-08
-4.3994	3.49484e-08
-4.36937	4.51591e-08
-4.33934	5.82452e-08
-4.30931	7.49845e-08
-4.27928	9.6356e-08
-4.24925	1.2359e-07
-4.21922	1.58227e-07
-4.18919	2.02197e-07
-4.15916	2.57907e-07
-4.12913	3.28356e-07
-4.0991	4.17275e-07
-4.06907	5.2929e-07
-4.03904	6.70129e-07
-4.00901	8.46869e-07
-3.97898	1.06824e-06
-3.94895	1.34496e-06
-3.91892	1.69023e-06
-3.88889	2.12017e-06
-3.85886	2.65454e-06
-3.82883	3.3174e-06
-3.7988	4.13807e-06
-3.76877	5.15213e-06
-3.73874	6.40274e-06
-3.70871	7.94208e-06
-3.67868	9.83311e-06
-3.64865	1.21517e-05
-3.61862	1.49889e-05
-3.58859	1.84539e-05
-3.55856	2.26775e-05
-3.52853	2.78156e-05
-3.4985	3.40539e-05
-3.46847	4.16132e-05
-3.43844	5.07551e-05
-3.40841	6.17892e-05
-3.37838	7.50807e-05
-3.34835	9.10599e-05
-3.31832	0.000110232
-3.28829	0.00013319
-3.25826	0.000160626
-3.22823	0.000193348
-3.1982	0.000232296
-3.16817	0.000278564
-3.13814	0.000333415
-3.10811	0.000398312
-3.07808	0.000474939
-3.04805	0.000565234
-3.01802	0.000671419
-2.98799	0.000796037
-2.95796	0.00094199
-2.92793	0.00111258
-2.8979	0.00131156
-2.86787	0.00154318
-2.83784	0.00181223
-2.80781	0.00212412
-2.77778	0.00248491
-2.74775	0.00290142
-2.71772	0.00338123
-2.68769	0.00393282
-2.65766	0.00456557
-2.62763	0.00528992
-2.5976	0.00611734
-2.56757	0.00706051
-2.53754	0.0081333
-2.50751	0.00935091
-2.47748	0.0107299
-2.44745	0.0122883
-2.41742	0.0140455
-2.38739	0.0160227
-2.35736	0.0182424
-2.32733	0.0207288
-2.2973	0.0235077
-2.26727	0.0266067
-2.23724	0.0300547
-2.20721	0.0338823
-2.17718	0.0381215
-2.14715	0.0428056
-2.11712	0.0479694
-2.08709	0.0536486
-2.05706	0.0598796
-2.02703	0.0666998
-1.997	0.0741466
-1.96697	0.0822579
-1.93694	0.0910709
-1.90691	0.100622
-1.87688	0.110948
-1.84685	0.122081
-1.81682	0.134055
-1.78679	0.146897
-1.75676	0.160634
-1.72673	0.175289
-1.6967	0.190878
-1.66667	0.207414
-1.63664	0.224904
-1.60661	0.243348
-1.57658	0.262738
-1.54655	0.283059
-1.51652	0.304289
-1.48649	0.326393
-1.45646	0.34933
-1.42643	0.373047
-1.3964	0.39748
-1.36637	0.422555
-1.33634	0.448187
-1.30631	0.474278
-1.27628	0.500719
-1.24625	0.52739
-1.21622	0.554159
-1.18619	0.580885
-1.15616	0.607412
-1.12613	0.63358
-1.0961	0.659216
-1.06607	0.68414
-1.03604	0.708165
-1.00601	0.731099
-0.975976	0.752745
-0.945946	0.772904
-0.915916	0.791375
-0.885886	0.807959
-0.855856	0.822459
-0.825826	0.834682
-0.795796	0.844443
-0.765766	0.851566
-0.735736	0.855884
-0.705706	0.857244
-0.675676	0.855508
-0.645646	0.850555
-0.615616	0.842281
-0.585586	0.830604
-0.555556	0.815464
-0.525526	0.796823
-0.495495	0.774669
-0.465465	0.749012
-0.435435	0.719892
-0.405405	0.687374
-0.375375	0.651547
-0.345345	0.61253
-0.315315	0.570467
-0.285285	0.525524
-0.255255	0.477896
-0.225225	0.427798
-0.195195	0.375466
-0.165165	0.321156
-0.135135	0.265143
-0.105105	0.207715
-0.0750751	0.149172
-0.045045	0.0898265
-0.015015	0.0299962
0.015015	-0.0299962
0.045045	-0.0898265
0.0750751	-0.149172
0.105105	-0.207715
0.135135	-0.265143
0.165165	-0.321156
0.195195	-0.375466
0.225225	-0.427798
0.255255	-0.477896
0.285285	-0.525524
0.315315	-0.570467
0.345345	-0.61253
0.375375	-0.651547
0.405405	-0.687374
0.435435	-0.719892
0.465465	-0.749012
0.495495	-0.774669
0.525526	-0.796823
0.555556	-0.815464
0.585586	-0.830604
0.615616	-0.842281
0.645646	-0.850555
0.675676	-0.855508
0.705706	-0.857244
0.735736	-0.855884
0.765766	-0.851566
0.795796	-0.844443
0.825826	-0.834682
0.855856	-0.822459
0.885886	-0.807959
0.915916	-0.791375
0.945946	-0.772904
0.975976	-0.752745
1.00601	-0.731099
1.03604	-0.708165
1.06607	-0.68414
1.0961	-0.659216
1.12613	-0.63358
1.15616	-0.607412
1.18619	-0.580885
1.21622	-0.554159
1.24625	-0.52739
1.27628	-0.500719
1.30631	-0.474278
1.33634	-0.448187
1.36637	-0.422555
1.3964	-0.39748
1.42643	-0.373047
1.45646	-0.34933
1.48649	-0.326393
1.51652	-0.304289
1.54655	-0.283059
1.57658	-0.262738
1.60661	-0.243348
1.63664	-0.224904
1.66667	-0.207414
1.6967	-0.190878
1.72673	-0.175289
1.75676	-0.160634
1.78679	-0.146897
1.81682	-0.134055
1.84685	-0.122081
1.87688	-0.110948
1.90691	-0.100622
1.93694	-0.0910709
1.96697	-0.0822579
1.997	-0.0741466
2.02703	-0.0666998
2.05706	-0.0598796
2.08709	-0.0536486
2.11712	-0.0479694
2.14715	-0.0428056
2.17718	-0.0381215
2.20721	-0.0338823
2.23724	-0.0300547
2.26727	-0.0266067
2.2973	-0.0235077
2.32733	-0.0207288
2.35736	-0.0182424
2.38739	-0.0160227
2.41742	-0.0140455
2.44745	-0.0122883
2.47748	-0.0107299
2.50751	-0.00935091
2.53754	-0.0081333
2.56757	-0.00706051
2.5976	-0.00611734
2.62763	-0.00528992
2.65766	-0.00456557
2.68769	-0.00393282
2.71772	-0.00338123
2.74775	-0.00290142
2.77778	-0.00248491
2.80781	-0.00212412
2.83784	-0.00181223
2.86787	-0.00154318
2.8979	-0.00131156
2.92793	-0.00111258
2.95796	-0.00094199
2.98799	-0.000796037
3.01802	-0.000671419
3.04805	-0.000565234
3.07808	-0.000474939
3.10811	-0.000398312
3.13814	-0.000333415
3.16817	-0.000278564
3.1982	-0.000232296
3.22823	-0.000193348
3.25826	-0.000160626
3.28829	-0.00013319
3.31832	-0.000110232
3.34835	-9.10599e-05
3.37838	-7.50807e-05
3.40841	-6.17892e-05
3.43844	-5.07551e-05
3.46847	-4.16132e-05
3.4985	-3.40539e-05
3.52853	-2.78156e-05
3.55856	-2.26775e-05
3.58859	-1.84539e-05
3.61862	-1.49889e-05
3.64865	-1.21517e-05
3.67868	-9.83311e-06
3.70871	-7.94208e-06
3.73874	-6.40274e-06
3.76877	-5.15213e-06
3.7988	-4.13807e-06
3.82883	-3.3174e-06
3.85886	-2.65454e-06
3.88889	-2.12017e-06
3.91892	-1.69023e-06
3.94895	-1.34496e-06
3.97898	-1.06824e-06
4.00901	-8.46869e-07
4.03904	-6.70129e-07
4.06907	-5.2929e-07
4.0991	-4.17275e-07
4.12913	-3.28356e-07
4.15916	-2.57907e-07
4.18919	-2.02197e-07
4.21922	-1.58227e-07
4.24925	-1.2359e-07
4.27928	-9.6356e-08
4.30931	-7.49845e-08
4.33934	-5.82452e-08
4.36937	-4.51591e-08
4.3994	-3.49484e-08
4.42943	-2.69964e-08
4.45946	-2.08153e-08
4.48949	-1.60198e-08
4.51952	-1.23063e-08
4.54955	-9.43618e-09
4.57958	-7.2221e-09
4.60961	-5.51734e-09
4.63964	-4.20721e-09
4.66967	-3.20227e-09
4.6997	-2.43288e-09
4.72973	-1.84494e-09
4.75976	-1.39651e-09
4.78979	-1.05513e-09
4.81982	-7.95736e-10
4.84985	-5.99006e-10
4.87988	-4.50084e-10
4.90991	-3.37565e-10
4.93994	-2.5271e-10
4.96997	-1.88837e-10
5	-1.40849e-10
5.03003	-1.04863e-10
5.06006	-7.79278e-11
5.09009	-5.78049e-11
5.12012	-4.27995e-11
5.15015	-3.16311e-11
5.18018	-2.33342e-11
5.21021	-1.7182e-11
5.24024	-1.26287e-11
5.27027	-9.26499e-12
5.3003	-6.78477e-12
5.33033	-4.95939e-12
5.36036	-3.61846e-12
5.39039	-2.63527e-12
5.42042	-1.9157e-12
5.45045	-1.39007e-12
5.48048	-1.00681e-12
5.51051	-7.27885e-13
5.54054	-5.2527e-13
5.57057	-3.78361e-13
5.6006	-2.72042e-13
5.63063	-1.9524e-13
5.66066	-1.39864e-13
5.69069	-1.00012e-13
5.72072	-7.13837e-14
5.75075	-5.08572e-14
5.78078	-3.61669e-14
5.81081	-2.56729e-14
5.84084	-1.81905e-14
5.87087	-1.28653e-14
5.9009	-9.08244e-15
5.93093	-6.40014e-15
5.96096	-4.50177e-15
5.99099	-3.16069e-15
6.02102	-2.21507e-15
6.05105	-1.54953e-15
6.08108	-1.08198e-15
6.11111	-7.54126e-16
6.14114	-5.24657e-16
6.17117	-3.64346e-16
6.2012	-2.52557e-16
6.23123	-1.74748e-16
6.26126	-1.2069e-16
6.29129	-8.32028e-17
6.32132	-5.72548e-17
6.35135	-3.93272e-17
6.38138	-2.69638e-17
6.41141	-1.84535e-17
6.44144	-1.26061e-17
6.47147	-8.59594e-18
6.5015	-5.85077e-18
6.53153	-3.97503e-18
6.56156	-2.69572e-18
6.59159	-1.82482e-18
6.62162	-1.23302e-18
6.65165	-8.3163e-19
6.68168	-5.59884e-19
6.71171	-3.76248e-19
6.74174	-2.52383e-19
6.77177	-1.68987e-19
6.8018	-1.12942e-19
6.83183	-7.5347e-20
6.86186	-5.01748e-20
6.89189	-3.33514e-20
6.92192	-2.21284e-20
6.95195	-1.46554e-20
6.98198	-9.68841e-21
7.01201	-6.39318e-21
7.04204	-4.21105e-21
7.07207	-2.76868e-21
7.1021	-1.81705e-21
7.13213	-1.19033e-21
7.16216	-7.78356e-22
7.19219	-5.08041e-22
7.22222	-3.31001e-22
7.25225	-2.15263e-22
7.28228	-1.39739e-22
7.31231	-9.05478e-23
7.34234	-5.85662e-23
7.37237	-3.78117e-23
7.4024	-2.43677e-23
7.43243	-1.56752e-23
7.46246	-1.00652e-23
7.49249	-6.45123e-24
7.52252	-4.12735e-24
7.55255	-2.63579e-24
7.58258	-1.6802e-24
7.61261	-1.06911e-24
7.64264	-6.79035e-25
7.67267	-4.305e-25
7.7027	-2.72436e-25
7.73273	-1.72094e-25
7.76276	-1.08512e-25
7.79279	-6.82972e-26
7.82282	-4.29079e-26
7.85285	-2.6908e-26
7.88288	-1.68437e-26
7.91291	-1.05246e-26
7.94294	-6.5642e-27
7.97297	-4.08668e-27
8.003	-2.53962e-27
8.03303	-1.57536e-27
8.06306	-9.75442e-28
8.09309	-6.02884e-28
8.12312	-3.71944e-28
8.15315	-2.29051e-28
8.18318	-1.40799e-28
8.21321	-8.63926e-29
8.24324	-5.29134e-29
8.27327	-3.23494e-29
8.3033	-1.97414e-29
8.33333	-1.20254e-29
8.36336	-7.31199e-30
8.39339	-4.43794e-30
8.42342	-2.68868e-30
8.45345	-1.62596e-30
8.48348	-9.815e-31
8.51351	-5.91403e-31
8.54354	-3.55703e-31
8.57357	-2.13552e-31
8.6036	-1.27977e-31
8.63363	-7.65549e-32
8.66366	-4.57114e-32
8.69369	-2.72451e-32
8.72372	-1.62093e-32
8.75375	-9.62615e-33
8.78378	-5.70627e-33
8.81381	-3.37648e-33
8.84384	-1.99429e-33
8.87387	-1.17578e-33
8.9039	-6.91948e-34
8.93393	-4.06475e-34
8.96396	-2.38345e-34
8.99399	-1.39506e-34
9.02402	-8.1506e-35
9.05405	-4.75335e-35
9.08408	-2.76708e-35
9.11411	-1.60789e-35
9.14414	-9.32617e-36
9.17417	-5.39961e-36
9.2042	-3.12058e-36
9.23423	-1.80019e-36
9.26426	-1.03661e-36
9.29429	-5.95835e-37
9.32432	-3.4186e-37
9.35435	-1.95787e-37
9.38438	-1.11926e-37
9.41441	-6.38691e-38
9.44444	-3.63801e-38
9.47447	-2.06847e-38
9.5045	-1.17395e-38
9.53453	-6.65058e-39
9.56456	-3.76083e-39
9.59459	-2.12286e-39
9.62462	-1.19611e-39
9.65465	-6.72719e-40
9.68468	-3.77667e-40
9.71471	-2.1164e-40
9.74474	-1.18386e-40
9.77477	-6.6102e-41
9.8048	-3.68419e-41
9.83483	-2.04967e-41
9.86486	-1.13825e-41
9.89489	-6.30964e-42
9.92492	-3.49128e-42
9.95495	-1.92832e-42
9.98498	-1.06313e-42
10.015	-5.85066e-43
10.045	-3.21394e-43
10.0751	-1.76232e-43
10.1051	-9.64592e-44
10.1351	-5.27007e-44
10.1652	-2.87411e-44
10.1952	-1.5646e-44
10.2252	-8.50189e-45
10.2553	-4.6115e-45
10.2853	-2.49679e-45
10.3153	-1.34938e-45
10.3453	-7.2795e-46
10.3754	-3.91996e-46
10.4054	-2.10705e-46
10.4354	-1.13053e-46
10.4655	-6.05485e-47
10.4955	-3.23696e-47
10.5255	-1.72737e-47
10.5556	-9.20125e-48
10.5856	-4.8924e-48
10.6156	-2.59663e-48
10.6456	-1.37567e-48
10.6757	-7.27494e-49
10.7057	-3.84025e-49
10.7357	-2.0235e-49
10.7658	-1.06429e-49
10.7958	-5.58767e-50
10.8258	-2.9283e-50
10.8559	-1.53184e-50
10.8859	-7.99884e-51
10.9159	-4.1692e-51
10.9459	-2.16917e-51
10.976	-1.12654e-51
11.006	-5.84003e-52
11.036	-3.02202e-52
11.0661	-1.56096e-52
11.0961	-8.04826e-53
11.1261	-4.14215e-53
11.1562	-2.12796e-53
11.1862	-1.09123e-53
11.2162	-5.58573e-54
11.2462	-2.85404e-54
11.2763	-1.45564e-54
11.3063	-7.41073e-55
11.3363	-3.76602e-55
11.3664	-1.91037e-55
11.3964	-9.67316e-56
11.4264	-4.88914e-56
11.4565	-2.46667e-56
11.4865	-1.24223e-56
11.5165	-6.24467e-57
11.5465	-3.1335e-57
11.5766	-1.56951e-57
11.6066	-7.84719e-58
11.6366	-3.91631e-58
11.6667	-1.95099e-58
11.6967	-9.70168e-59
11.7267	-4.81563e-59
11.7568	-2.38601e-59
11.7868	-1.18007e-59
11.8168	-5.82582e-60
11.8468	-2.87091e-60
11.8769	-1.4122e-60
11.9069	-6.93409e-61
11.9369	-3.39857e-61
11.967	-1.66271e-61
11.997	-8.11992e-62
12.027	-3.95823e-62
12.0571	-1.92604e-62
12.0871	-9.355e-63
12.1171	-4.53562e-63
12.1471	-2.19505e-63
12.1772	-1.06039e-63
12.2072	-5.11331e-64
12.2372	-2.46123e-64
12.2673	-1.18255e-64
12.2973	-5.6715e-65
12.3273	-2.71514e-65
12.3574	-1.29748e-65
12.3874	-6.18905e-66
12.4174	-2.94688e-66
12.4474	-1.4006e-66
12.4775	-6.6448e-67
12.5075	-3.14676e-67
12.5375	-1.48751e-67
12.5676	-7.01894e-68
12.5976	-3.30596e-68
12.6276	-1.55431e-68
12.6577	-7.29445e-69
12.6877	-3.41714e-69
12.7177	-1.59789e-69
12.7477	-7.4584e-70
12.7778	-3.47504e-70
12.8078	-1.61617e-70
12.8378	-7.50294e-71
12.8679	-3.47688e-71
12.8979	-1.60828e-71
12.9279	-7.42591e-72
12.958	-3.42257e-72
12.988	-1.5746e-72
13.018	-7.23105e-73
13.048	-3.31473e-73
13.0781	-1.51674e-73
13.1081	-6.92765e-74
13.1381	-3.15847e-74
13.1682	-1.43742e-74
13.1982	-6.52987e-75
13.2282	-2.96101e-75
13.2583	-1.34027e-75
13.2883	-6.05559e-76
13.3183	-2.7311e-76
13.3483	-1.22951e-76
13.3784	-5.52514e-77
13.4084	-2.47838e-77
13.4384	-1.10971e-77
13.4685	-4.95979e-78
13.4985	-2.21276e-78
13.5285	-9.85414e-79
13.5586	-4.38045e-79
13.5886	-1.94372e-79
13.6186	-8.60923e-80
13.6486	-3.80635e-80
13.6787	-1.67985e-80
13.7087	-7.40022e-81
13.7387	-3.25413e-81
13.7688	-1.42837e-81
13.7988	-6.25835e-82
13.8288	-2.73713e-82
13.8589	-1.19494e-82
13.8889	-5.20728e-83
13.9189	-2.26512e-83
13.9489	-9.83529e-84
13.979	-4.26283e-84
14.009	-1.84427e-84
14.039	-7.96462e-85
14.0691	-3.43337e-85
14.0991	-1.47738e-85
14.1291	-6.34569e-86
14.1592	-2.7207e-86
14.1892	-1.16439e-86
14.2192	-4.97426e-87
14.2492	-2.12117e-87
14.2793	-9.02896e-88
14.3093	-3.83632e-88
14.3393	-1.62708e-88
14.3694	-6.88836e-89
14.3994	-2.91098e-89
14.4294	-1.22794e-89
14.4595	-5.17048e-90
14.4895	-2.1732e-90
14.5195	-9.11766e-91
14.5495	-3.81841e-91
14.5796	-1.59624e-91
14.6096	-6.66081e-92
14.6396	-2.77442e-92
14.6697	-1.15354e-92
14.6997	-4.78749e-93
14.7297	-1.98335e-93
14.7598	-8.20172e-94
14.7898	-3.38553e-94
14.8198	-1.39496e-94
14.8498	-5.7374e-95
14.8799	-2.3555e-95
14.9099	-9.65307e-96
14.9399	-3.94879e-96
14.97	-1.93242e-96
15	0
